6.79980000e+06
7.41110000e+06
1.63032000e+07
5.50846000e+07
1.52381000e+07
1.50960000e+07
1.58846000e+07
9.66640000e+06
1.12784000e+07
2.07456000e+07
9.47670000e+06
7.35600000e+06
7.66740000e+06
7.33330000e+06
7.19030000e+06
1.05040000e+07
6.44760000e+06
7.81310000e+06
7.37630000e+06
7.30370000e+06
1.47358000e+07
6.90860000e+06
7.26910000e+06
1.07969000e+07
1.02947000e+07
6.04780000e+06
7.63310000e+06
9.13420000e+06
9.04180000e+06
1.01646000e+07
7.08760000e+06
1.03890000e+07
7.04470000e+06
7.88690000e+06
1.41449000e+07
7.39360000e+06
1.03437000e+07
1.01223000e+07
8.36520000e+06
2.14394000e+07
1.52990000e+07
1.33403000e+07
5.03000000e+06
8.55080000e+06
8.16760000e+06
9.04440000e+06
7.76110000e+06
7.42260000e+06
6.46570000e+06
7.41770000e+06
1.07555000e+07
9.45610000e+06
7.52940000e+06
9.30100000e+06
1.33770000e+07
2.25347000e+07
1.17685000e+07
1.07653000e+07
1.13019000e+07
1.30248000e+07
9.89610000e+06
1.02418000e+07
9.26360000e+06
1.54336000e+07
1.91032000e+07
2.17175000e+07
3.05819000e+07
2.18905000e+07
1.60084000e+07
1.17546000e+07
1.46152000e+07
9.47510000e+06
1.24010000e+07
1.02777000e+07
9.72360000e+06
8.86340000e+06
7.63760000e+06
7.61300000e+06
7.36920000e+06
8.04380000e+06
7.23740000e+06
8.56970000e+06
6.18180000e+06
8.40360000e+06
8.46550000e+06
6.31720000e+06
6.23410000e+06
7.79150000e+06
8.75020000e+06
6.85830000e+06
1.07790000e+07
7.18170000e+06
7.08420000e+06
9.02860000e+06
8.19310000e+06
1.02898000e+07
1.09124000e+07
1.92515000e+07
7.33870000e+06
7.86030000e+06
8.40820000e+06
1.00616000e+07
1.01554000e+07
7.98230000e+06
1.00992000e+07
6.14420000e+06
6.18030000e+06
6.30890000e+06
1.10436000e+07
1.02091000e+07
8.65450000e+06
6.69800000e+06
8.08910000e+06
6.26200000e+06
6.53580000e+06
9.93630000e+06
9.54250000e+06
8.60970000e+06
8.18990000e+06
5.34430000e+06
5.38850000e+06
5.01530000e+06
6.63810000e+06
8.14640000e+06
6.83440000e+06
7.71820000e+06
8.14770000e+06
7.94490000e+06
6.08800000e+06
6.56170000e+06
1.13251000e+07
7.80510000e+06
7.98210000e+06
9.13790000e+06
9.36620000e+06
1.77013000e+07
4.74361000e+07
3.20480000e+07
1.42366000e+07
1.21668000e+07
9.31930000e+06
1.02610000e+07
1.00980000e+07
1.03978000e+07
6.80810000e+06
8.14240000e+06
5.09520000e+06
8.39050000e+06
9.19400000e+06
7.99620000e+06
9.82360000e+06
6.67790000e+06
8.66610000e+06
7.52640000e+06
6.42680000e+06
5.28510000e+06
6.86450000e+06
1.05285000e+07
1.22386000e+07
1.22928000e+07
9.46850000e+06
1.79553000e+07
6.03720000e+06
2.47500000e+06
4.78140000e+06
4.52380000e+06
5.71630000e+06
4.75750000e+06
5.68810000e+06
5.39310000e+06
6.27440000e+06
7.87880000e+06
7.80530000e+06
8.83550000e+06
6.69020000e+06
5.50160000e+06
6.29690000e+06
7.87280000e+06
7.14430000e+06
8.64370000e+06
8.78170000e+06
7.60830000e+06
8.30450000e+06
1.01769000e+07
6.51680000e+06
7.60710000e+06
6.23620000e+06
7.79770000e+06
8.87070000e+06
1.35211000e+07
2.33100000e+07
1.24708000e+07
8.66930000e+06
8.23950000e+06
7.45670000e+06
6.52120000e+06
6.55320000e+06
5.96450000e+06
8.36290000e+06
8.45210000e+06
5.97010000e+06
9.08210000e+06
7.09330000e+06
7.28900000e+06
7.83160000e+06
7.85470000e+06
1.46094000e+07
7.88470000e+06
1.26580000e+07
9.95610000e+06
1.16188000e+07
1.27159000e+07
1.09471000e+07
1.69060000e+07
1.18918000e+07
1.10595000e+07
1.01998000e+07
8.33210000e+06
6.72700000e+06
8.61460000e+06
7.83650000e+06
1.50899000e+07
8.22440000e+06
7.36520000e+06
6.31400000e+06
6.59880000e+06
7.67970000e+06
1.05540000e+07
8.76270000e+06
7.95990000e+06
1.93534000e+07
2.25809000e+07
2.04560000e+07
1.48456000e+07
2.49709000e+07
1.63770000e+07
1.02044000e+07
1.08413000e+07
7.84050000e+06
1.01443000e+07
1.47281000e+07
1.41668000e+07
9.57850000e+06
1.20891000e+07
1.03100000e+07
7.74960000e+06
8.49180000e+06
6.35990000e+06
6.79980000e+06
7.41110000e+06
1.63032000e+07
5.50846000e+07
1.52381000e+07
1.50960000e+07
1.58846000e+07
9.66640000e+06
1.12784000e+07
2.07456000e+07
9.47670000e+06
7.35600000e+06
7.66740000e+06
7.33330000e+06
7.19030000e+06
1.05040000e+07
6.44760000e+06
7.81310000e+06
7.37630000e+06
7.30370000e+06
1.47358000e+07
6.90860000e+06
7.26910000e+06
1.07969000e+07
1.02947000e+07
6.04780000e+06
7.63310000e+06
9.13420000e+06
9.04180000e+06
1.01646000e+07
7.08760000e+06
1.03890000e+07
7.04470000e+06
7.88690000e+06
1.41449000e+07
7.39360000e+06
7.45670000e+06
6.52120000e+06
6.55320000e+06
5.96450000e+06
8.36290000e+06
8.45210000e+06
5.97010000e+06
9.08210000e+06
7.09330000e+06
7.28900000e+06
7.83160000e+06
7.85470000e+06
1.46094000e+07
7.88470000e+06
1.26580000e+07
9.95610000e+06
1.16188000e+07
7.66740000e+06
7.33330000e+06
7.19030000e+06
1.05040000e+07
6.44760000e+06
7.81310000e+06
7.37630000e+06
7.30370000e+06
1.47358000e+07
6.90860000e+06
7.26910000e+06
1.07969000e+07
1.02947000e+07
6.04780000e+06
7.63310000e+06
9.13420000e+06
9.04180000e+06
1.01646000e+07
7.08760000e+06
5.97010000e+06
9.08210000e+06
7.09330000e+06
7.28900000e+06
7.83160000e+06
7.85470000e+06
1.46094000e+07
7.88470000e+06
1.26580000e+07
9.95610000e+06
1.16188000e+07
7.66740000e+06
7.33330000e+06
7.19030000e+06
1.05040000e+07
6.44760000e+06
7.81310000e+06
7.37630000e+06
7.30370000e+06
6.79980000e+06
7.41110000e+06
1.63032000e+07
5.50846000e+07
1.52381000e+07
1.50960000e+07
1.58846000e+07
9.66640000e+06
1.12784000e+07
2.07456000e+07
9.47670000e+06
7.35600000e+06
7.66740000e+06
7.33330000e+06
7.19030000e+06
1.05040000e+07
6.44760000e+06
7.81310000e+06
7.37630000e+06
7.30370000e+06
1.47358000e+07
6.90860000e+06
7.26910000e+06
1.07969000e+07
1.02947000e+07
6.04780000e+06
7.63310000e+06
9.13420000e+06
9.04180000e+06
1.01646000e+07
7.08760000e+06
1.03890000e+07
7.04470000e+06
7.88690000e+06
1.41449000e+07
7.39360000e+06
1.03437000e+07
1.01223000e+07
6.55320000e+06
5.96450000e+06
8.36290000e+06
8.45210000e+06
5.97010000e+06
9.08210000e+06
7.09330000e+06
7.28900000e+06
7.83160000e+06
7.85470000e+06
1.46094000e+07
7.88470000e+06
1.26580000e+07
9.95610000e+06
1.16188000e+07
7.66740000e+06
7.33330000e+06
7.19030000e+06
1.05040000e+07
6.44760000e+06
7.81310000e+06
7.37630000e+06
7.30370000e+06
1.47358000e+07
6.90860000e+06
7.26910000e+06
1.07969000e+07
1.02947000e+07
6.04780000e+06
7.63310000e+06
9.13420000e+06
9.04180000e+06
1.01646000e+07
7.08760000e+06
5.97010000e+06
9.08210000e+06
7.09330000e+06
7.28900000e+06
7.83160000e+06
7.85470000e+06
1.46094000e+07
7.88470000e+06
1.26580000e+07
9.95610000e+06
1.16188000e+07
7.66740000e+06
7.33330000e+06
7.19030000e+06
1.05040000e+07
6.44760000e+06
7.81310000e+06
7.37630000e+06
7.30370000e+06
6.79980000e+06
7.41110000e+06
1.63032000e+07
5.50846000e+07
1.52381000e+07
1.50960000e+07
1.58846000e+07
9.66640000e+06
1.12784000e+07
2.07456000e+07
9.47670000e+06
7.35600000e+06
7.66740000e+06
7.33330000e+06
7.19030000e+06
1.05040000e+07
6.44760000e+06
7.81310000e+06
7.37630000e+06
7.30370000e+06
1.47358000e+07
6.90860000e+06
7.26910000e+06
1.07969000e+07
1.02947000e+07
6.04780000e+06
7.63310000e+06
9.13420000e+06
9.04180000e+06
1.01646000e+07
7.08760000e+06
1.03890000e+07
7.04470000e+06
7.88690000e+06
1.41449000e+07
7.39360000e+06
1.03437000e+07
1.01223000e+07
6.79980000e+06
7.41110000e+06
1.63032000e+07
5.50846000e+07
1.52381000e+07
1.50960000e+07
1.58846000e+07
9.66640000e+06
1.12784000e+07
2.07456000e+07
9.47670000e+06
7.35600000e+06
7.66740000e+06
7.33330000e+06
7.19030000e+06
1.05040000e+07
6.44760000e+06
7.81310000e+06
7.37630000e+06
7.30370000e+06
1.47358000e+07
6.90860000e+06
7.26910000e+06
1.07969000e+07
1.02947000e+07
6.04780000e+06
7.63310000e+06
9.13420000e+06
9.04180000e+06
1.01646000e+07
7.08760000e+06
1.03890000e+07
7.04470000e+06
7.88690000e+06
1.41449000e+07
7.39360000e+06
1.03437000e+07
1.01223000e+07
8.36520000e+06
2.14394000e+07
1.52990000e+07
1.33403000e+07
5.03000000e+06
8.55080000e+06
8.16760000e+06
9.04440000e+06
7.76110000e+06
7.42260000e+06
6.46570000e+06
7.41770000e+06
1.07555000e+07
9.45610000e+06
7.52940000e+06
9.30100000e+06
1.33770000e+07
2.25347000e+07
1.17685000e+07
1.07653000e+07
1.13019000e+07
1.30248000e+07
9.89610000e+06
1.02418000e+07
9.26360000e+06
1.54336000e+07
1.91032000e+07
2.17175000e+07
3.05819000e+07
2.18905000e+07
1.60084000e+07
1.17546000e+07
1.46152000e+07
9.47510000e+06
1.24010000e+07
1.02777000e+07
9.72360000e+06
8.86340000e+06
7.63760000e+06
7.61300000e+06
7.36920000e+06
8.04380000e+06
7.23740000e+06
8.56970000e+06
6.18180000e+06
8.40360000e+06
8.46550000e+06
6.31720000e+06
6.23410000e+06
7.79150000e+06
8.75020000e+06
6.85830000e+06
1.07790000e+07
7.18170000e+06
7.08420000e+06
9.02860000e+06
8.19310000e+06
1.02898000e+07
1.09124000e+07
1.92515000e+07
7.33870000e+06
7.86030000e+06
8.40820000e+06
1.00616000e+07
1.01554000e+07
7.98230000e+06
1.00992000e+07
6.14420000e+06
6.18030000e+06
6.30890000e+06
1.10436000e+07
1.02091000e+07
8.65450000e+06
6.69800000e+06
8.08910000e+06
6.26200000e+06
6.53580000e+06
9.93630000e+06
9.54250000e+06
8.60970000e+06
8.18990000e+06
5.34430000e+06
5.38850000e+06
5.01530000e+06
6.63810000e+06
8.14640000e+06
6.83440000e+06
7.71820000e+06
8.14770000e+06
7.94490000e+06
6.08800000e+06
6.56170000e+06
1.13251000e+07
7.80510000e+06
7.98210000e+06
9.13790000e+06
9.36620000e+06
1.77013000e+07
4.74361000e+07
3.20480000e+07
1.42366000e+07
1.21668000e+07
9.31930000e+06
1.02610000e+07
1.00980000e+07
1.03978000e+07
6.80810000e+06
8.14240000e+06
5.09520000e+06
8.39050000e+06
9.19400000e+06
7.99620000e+06
9.82360000e+06
6.67790000e+06
8.66610000e+06
7.52640000e+06
6.42680000e+06
5.28510000e+06
6.86450000e+06
1.05285000e+07
1.22386000e+07
1.22928000e+07
9.46850000e+06
1.79553000e+07
6.03720000e+06
2.47500000e+06
4.78140000e+06
4.52380000e+06
5.71630000e+06
4.75750000e+06
5.68810000e+06
5.39310000e+06
6.27440000e+06
7.87880000e+06
7.80530000e+06
8.83550000e+06
6.69020000e+06
5.50160000e+06
6.29690000e+06
7.87280000e+06
7.14430000e+06
8.64370000e+06
8.78170000e+06
7.60830000e+06
8.30450000e+06
1.01769000e+07
6.51680000e+06
7.60710000e+06
6.23620000e+06
7.79770000e+06
8.87070000e+06
1.35211000e+07
2.33100000e+07
1.24708000e+07
8.66930000e+06
8.23950000e+06
7.45670000e+06
6.52120000e+06
6.55320000e+06
5.96450000e+06
8.36290000e+06
8.45210000e+06
5.97010000e+06
9.08210000e+06
7.09330000e+06
7.28900000e+06
7.83160000e+06
7.85470000e+06
1.46094000e+07
7.88470000e+06
1.26580000e+07
9.95610000e+06
1.16188000e+07
1.27159000e+07
1.09471000e+07
1.69060000e+07
1.18918000e+07
1.10595000e+07
1.01998000e+07
8.33210000e+06
6.72700000e+06
8.61460000e+06
7.83650000e+06
1.50899000e+07
8.22440000e+06
7.36520000e+06
6.31400000e+06
6.59880000e+06
7.67970000e+06
1.05540000e+07
8.76270000e+06
7.95990000e+06
1.93534000e+07
2.25809000e+07
2.04560000e+07
1.48456000e+07
2.49709000e+07
1.63770000e+07
1.02044000e+07
1.08413000e+07
7.84050000e+06
1.01443000e+07
1.47281000e+07
1.41668000e+07
9.57850000e+06
1.20891000e+07
1.03100000e+07
7.74960000e+06
8.49180000e+06
6.35990000e+06
6.79980000e+06
7.41110000e+06
1.63032000e+07
5.50846000e+07
1.52381000e+07
1.07790000e+07
7.18170000e+06
7.08420000e+06
9.02860000e+06
8.19310000e+06
1.02898000e+07
1.09124000e+07
1.92515000e+07
7.33870000e+06
7.86030000e+06
8.40820000e+06
1.00616000e+07
1.01554000e+07
7.98230000e+06
1.00992000e+07
6.14420000e+06
6.18030000e+06
6.30890000e+06
1.10436000e+07
1.02091000e+07
8.65450000e+06
6.69800000e+06
8.08910000e+06
6.26200000e+06
6.53580000e+06
9.93630000e+06
9.54250000e+06
8.60970000e+06
8.18990000e+06
5.34430000e+06
5.38850000e+06
5.01530000e+06
6.63810000e+06
8.14640000e+06
6.83440000e+06
7.71820000e+06
8.14770000e+06
7.94490000e+06
6.08800000e+06
6.56170000e+06
1.13251000e+07
7.80510000e+06
7.98210000e+06
9.13790000e+06
9.36620000e+06
1.77013000e+07
4.74361000e+07
3.20480000e+07
1.42366000e+07
1.21668000e+07
9.31930000e+06
1.02610000e+07
1.00980000e+07
1.03978000e+07
6.80810000e+06
8.14240000e+06
5.09520000e+06
8.39050000e+06
9.19400000e+06
7.99620000e+06
9.82360000e+06
6.67790000e+06
8.66610000e+06
7.52640000e+06
6.42680000e+06
5.28510000e+06
6.86450000e+06
1.05285000e+07
1.22386000e+07
1.22928000e+07
9.46850000e+06
1.79553000e+07
6.03720000e+06
1.33770000e+07
2.25347000e+07
1.17685000e+07
1.07653000e+07
1.13019000e+07
1.30248000e+07
9.89610000e+06
1.02418000e+07
9.26360000e+06
1.54336000e+07
1.91032000e+07
2.17175000e+07
3.05819000e+07
2.18905000e+07
1.60084000e+07
1.17546000e+07
1.46152000e+07
9.47510000e+06
1.24010000e+07
1.02777000e+07
9.72360000e+06
8.86340000e+06
7.63760000e+06
7.61300000e+06
7.36920000e+06
8.04380000e+06
7.23740000e+06
8.56970000e+06
6.18180000e+06
8.40360000e+06
8.46550000e+06
6.31720000e+06
6.23410000e+06
7.79150000e+06
8.75020000e+06
6.85830000e+06
1.07790000e+07
7.18170000e+06
7.08420000e+06
9.02860000e+06
8.19310000e+06
1.02898000e+07
1.09124000e+07
1.92515000e+07
7.33870000e+06
7.86030000e+06
8.40820000e+06
1.00616000e+07
1.01554000e+07
7.98230000e+06
1.00992000e+07
6.14420000e+06
6.18030000e+06
6.30890000e+06
1.10436000e+07
1.02091000e+07
8.65450000e+06
6.69800000e+06
8.08910000e+06
6.26200000e+06
6.53580000e+06
9.93630000e+06
9.54250000e+06
8.60970000e+06
8.18990000e+06
5.34430000e+06
5.38850000e+06
5.01530000e+06
6.63810000e+06
8.14640000e+06
6.83440000e+06
7.71820000e+06
8.14770000e+06
7.52640000e+06
6.42680000e+06
5.28510000e+06
6.86450000e+06
1.05285000e+07
1.22386000e+07
1.22928000e+07
9.46850000e+06
1.79553000e+07
6.03720000e+06
1.33770000e+07
2.25347000e+07
1.17685000e+07
1.07653000e+07
1.13019000e+07
1.30248000e+07
9.89610000e+06
1.02418000e+07
9.26360000e+06
1.54336000e+07
1.91032000e+07
2.17175000e+07
3.05819000e+07
2.18905000e+07
1.60084000e+07
1.17546000e+07
1.46152000e+07
9.47510000e+06
1.24010000e+07
1.02777000e+07
9.72360000e+06
8.86340000e+06
7.63760000e+06
7.61300000e+06
7.36920000e+06
8.04380000e+06
7.23740000e+06
8.56970000e+06
6.18180000e+06
8.40360000e+06
8.46550000e+06
6.31720000e+06
6.23410000e+06
7.79150000e+06
8.75020000e+06
6.85830000e+06
1.07790000e+07
7.18170000e+06
7.08420000e+06
9.02860000e+06
8.19310000e+06
1.02898000e+07
1.09124000e+07
1.92515000e+07
7.33870000e+06
7.86030000e+06
8.40820000e+06
1.00616000e+07
1.01554000e+07
7.98230000e+06
1.00992000e+07
6.14420000e+06
6.18030000e+06
6.30890000e+06
1.10436000e+07
1.02091000e+07
8.65450000e+06
6.69800000e+06
8.08910000e+06
6.26200000e+06
6.53580000e+06
9.93630000e+06
9.54250000e+06
1.46094000e+07
7.88470000e+06
1.26580000e+07
9.95610000e+06
1.16188000e+07
7.66740000e+06
7.33330000e+06
7.19030000e+06
1.05040000e+07
6.44760000e+06
7.81310000e+06
7.37630000e+06
7.30370000e+06
6.79980000e+06
7.41110000e+06
1.63032000e+07
5.50846000e+07
1.52381000e+07
1.50960000e+07
1.58846000e+07
9.66640000e+06
1.12784000e+07
2.07456000e+07
9.47670000e+06
7.35600000e+06
7.66740000e+06
7.33330000e+06
7.19030000e+06
1.05040000e+07
6.44760000e+06
7.81310000e+06
7.37630000e+06
7.30370000e+06
1.47358000e+07
6.90860000e+06
7.26910000e+06
1.07969000e+07
1.02947000e+07
6.04780000e+06
7.63310000e+06
9.13420000e+06
9.04180000e+06
1.01646000e+07
7.08760000e+06
1.03890000e+07
7.04470000e+06
7.88690000e+06
1.41449000e+07
7.39360000e+06
1.03437000e+07
1.01223000e+07
6.55320000e+06
5.96450000e+06
8.36290000e+06
8.45210000e+06
5.97010000e+06
9.08210000e+06
7.09330000e+06
7.28900000e+06
7.83160000e+06
7.85470000e+06
1.46094000e+07
7.88470000e+06
1.26580000e+07
9.95610000e+06
1.16188000e+07
7.66740000e+06
7.33330000e+06
7.19030000e+06
1.05040000e+07
6.44760000e+06
7.81310000e+06
7.37630000e+06
7.30370000e+06
1.47358000e+07
6.90860000e+06
7.26910000e+06
1.07969000e+07
1.02947000e+07
6.04780000e+06
7.63310000e+06
9.13420000e+06
9.04180000e+06
1.01646000e+07
7.08760000e+06
5.97010000e+06
9.08210000e+06
7.09330000e+06
7.28900000e+06
7.83160000e+06
7.85470000e+06
1.46094000e+07
7.88470000e+06
1.26580000e+07
9.95610000e+06
1.16188000e+07
7.66740000e+06
7.33330000e+06
7.19030000e+06
1.05040000e+07
6.44760000e+06
7.81310000e+06
7.37630000e+06
7.30370000e+06
6.79980000e+06
7.41110000e+06
1.63032000e+07
5.50846000e+07
1.52381000e+07
1.50960000e+07
1.58846000e+07
9.66640000e+06
1.12784000e+07
2.07456000e+07
9.47670000e+06
7.35600000e+06
7.66740000e+06
7.33330000e+06
7.19030000e+06
1.05040000e+07
6.44760000e+06
7.81310000e+06
7.37630000e+06
7.30370000e+06
1.47358000e+07
6.90860000e+06
7.26910000e+06
1.07969000e+07
1.02947000e+07
6.04780000e+06
7.63310000e+06
9.13420000e+06
9.04180000e+06
1.01646000e+07
7.08760000e+06
1.03890000e+07
7.04470000e+06
7.88690000e+06
1.41449000e+07
7.39360000e+06
1.03437000e+07
1.01223000e+07
6.79980000e+06
7.41110000e+06
1.63032000e+07
5.50846000e+07
1.52381000e+07
1.50960000e+07
1.58846000e+07
9.66640000e+06
1.12784000e+07
2.07456000e+07
9.47670000e+06
7.35600000e+06
7.66740000e+06
7.33330000e+06
7.19030000e+06
1.05040000e+07
6.44760000e+06
7.81310000e+06
7.37630000e+06
7.30370000e+06
1.47358000e+07
6.90860000e+06
7.26910000e+06
1.07969000e+07
1.02947000e+07
6.04780000e+06
7.63310000e+06
9.13420000e+06
9.04180000e+06
1.01646000e+07
7.08760000e+06
1.03890000e+07
7.04470000e+06
7.88690000e+06
1.41449000e+07
7.39360000e+06
1.03437000e+07
1.01223000e+07
8.36520000e+06
2.14394000e+07
1.52990000e+07
1.33403000e+07
5.03000000e+06
8.55080000e+06
8.16760000e+06
9.04440000e+06
7.76110000e+06
7.42260000e+06
6.46570000e+06
7.41770000e+06
1.07555000e+07
9.45610000e+06
7.52940000e+06
9.30100000e+06
1.33770000e+07
2.25347000e+07
1.17685000e+07
1.07653000e+07
1.13019000e+07
1.30248000e+07
9.89610000e+06
1.02418000e+07
9.26360000e+06
1.54336000e+07
1.91032000e+07
2.17175000e+07
3.05819000e+07
2.18905000e+07
1.60084000e+07
1.17546000e+07
1.46152000e+07
9.47510000e+06
1.24010000e+07
1.02777000e+07
9.72360000e+06
8.86340000e+06
7.63760000e+06
7.61300000e+06
7.36920000e+06
8.04380000e+06
7.23740000e+06
8.56970000e+06
6.18180000e+06
8.40360000e+06
8.46550000e+06
6.31720000e+06
6.23410000e+06
7.79150000e+06
8.75020000e+06
6.85830000e+06
1.07790000e+07
7.18170000e+06
7.08420000e+06
9.02860000e+06
8.19310000e+06
1.02898000e+07
1.09124000e+07
1.92515000e+07
7.33870000e+06
7.86030000e+06
8.40820000e+06
1.00616000e+07
1.01554000e+07
7.98230000e+06
1.00992000e+07
6.14420000e+06
6.18030000e+06
6.30890000e+06
1.10436000e+07
1.02091000e+07
8.65450000e+06
6.69800000e+06
8.08910000e+06
6.26200000e+06
6.53580000e+06
9.93630000e+06
9.54250000e+06
8.60970000e+06
8.18990000e+06
5.34430000e+06
5.38850000e+06
5.01530000e+06
6.63810000e+06
8.14640000e+06
6.83440000e+06
7.71820000e+06
8.14770000e+06
7.94490000e+06
6.08800000e+06
6.56170000e+06
1.13251000e+07
7.80510000e+06
7.98210000e+06
9.13790000e+06
9.36620000e+06
1.77013000e+07
4.74361000e+07
3.20480000e+07
1.42366000e+07
1.21668000e+07
9.31930000e+06
1.02610000e+07
1.00980000e+07
1.03978000e+07
6.80810000e+06
8.14240000e+06
5.09520000e+06
8.39050000e+06
9.19400000e+06
7.99620000e+06
9.82360000e+06
6.67790000e+06
8.66610000e+06
7.52640000e+06
6.42680000e+06
5.28510000e+06
6.86450000e+06
1.05285000e+07
1.22386000e+07
1.22928000e+07
9.46850000e+06
1.79553000e+07
6.03720000e+06
2.47500000e+06
4.78140000e+06
4.52380000e+06
5.71630000e+06
4.75750000e+06
5.68810000e+06
5.39310000e+06
6.27440000e+06
7.87880000e+06
7.80530000e+06
8.83550000e+06
6.69020000e+06
5.50160000e+06
6.29690000e+06
7.87280000e+06
7.14430000e+06
8.64370000e+06
8.78170000e+06
7.60830000e+06
8.30450000e+06
1.01769000e+07
6.51680000e+06
7.60710000e+06
6.23620000e+06
7.79770000e+06
8.87070000e+06
1.35211000e+07
2.33100000e+07
1.24708000e+07
8.66930000e+06
8.23950000e+06
7.45670000e+06
6.52120000e+06
6.55320000e+06
5.96450000e+06
8.36290000e+06
8.45210000e+06
5.97010000e+06
9.08210000e+06
7.09330000e+06
7.28900000e+06
7.83160000e+06
7.85470000e+06
1.46094000e+07
7.88470000e+06
1.26580000e+07
9.95610000e+06
1.16188000e+07
1.27159000e+07
1.09471000e+07
1.69060000e+07
1.18918000e+07
1.10595000e+07
1.01998000e+07
8.33210000e+06
6.72700000e+06
8.61460000e+06
7.83650000e+06
1.50899000e+07
8.22440000e+06
7.36520000e+06
6.31400000e+06
6.59880000e+06
7.67970000e+06
1.05540000e+07
8.76270000e+06
7.95990000e+06
1.93534000e+07
2.25809000e+07
2.04560000e+07
1.48456000e+07
2.49709000e+07
1.63770000e+07
1.02044000e+07
1.08413000e+07
7.84050000e+06
1.01443000e+07
1.47281000e+07
1.41668000e+07
9.57850000e+06
1.20891000e+07
1.03100000e+07
7.74960000e+06
8.49180000e+06
6.35990000e+06
6.79980000e+06
7.41110000e+06
1.63032000e+07
5.50846000e+07
1.52381000e+07
1.07790000e+07
7.18170000e+06
7.08420000e+06
9.02860000e+06
8.19310000e+06
1.02898000e+07
1.09124000e+07
1.92515000e+07
7.33870000e+06
7.86030000e+06
8.40820000e+06
1.00616000e+07
1.01554000e+07
7.98230000e+06
1.00992000e+07
6.14420000e+06
6.18030000e+06
6.30890000e+06
1.10436000e+07
1.02091000e+07
8.65450000e+06
6.69800000e+06
8.08910000e+06
6.26200000e+06
6.53580000e+06
9.93630000e+06
9.54250000e+06
8.60970000e+06
8.18990000e+06
5.34430000e+06
5.38850000e+06
5.01530000e+06
6.63810000e+06
8.14640000e+06
6.83440000e+06
7.71820000e+06
8.14770000e+06
7.94490000e+06
6.08800000e+06
6.56170000e+06
1.13251000e+07
7.80510000e+06
7.98210000e+06
9.13790000e+06
9.36620000e+06
1.77013000e+07
4.74361000e+07
3.20480000e+07
1.42366000e+07
1.21668000e+07
9.31930000e+06
1.02610000e+07
1.00980000e+07
1.03978000e+07
6.80810000e+06
8.14240000e+06
5.09520000e+06
8.39050000e+06
9.19400000e+06
7.99620000e+06
9.82360000e+06
6.67790000e+06
8.66610000e+06
7.52640000e+06
6.42680000e+06
5.28510000e+06
6.86450000e+06
1.05285000e+07
1.22386000e+07
1.22928000e+07
9.46850000e+06
1.79553000e+07
6.03720000e+06
1.33770000e+07
2.25347000e+07
1.17685000e+07
1.07653000e+07
1.13019000e+07
1.30248000e+07
9.89610000e+06
1.02418000e+07
9.26360000e+06
1.54336000e+07
1.91032000e+07
2.17175000e+07
3.05819000e+07
2.18905000e+07
1.60084000e+07
1.17546000e+07
1.46152000e+07
9.47510000e+06
1.24010000e+07
1.02777000e+07
9.72360000e+06
8.86340000e+06
7.63760000e+06
7.61300000e+06
7.36920000e+06
8.04380000e+06
7.23740000e+06
8.56970000e+06
6.18180000e+06
8.40360000e+06
8.46550000e+06
6.31720000e+06
6.23410000e+06
7.79150000e+06
8.75020000e+06
6.85830000e+06
1.07790000e+07
7.18170000e+06
7.08420000e+06
9.02860000e+06
8.19310000e+06
1.02898000e+07
1.09124000e+07
1.92515000e+07
7.33870000e+06
7.86030000e+06
8.40820000e+06
1.00616000e+07
1.01554000e+07
7.98230000e+06
1.00992000e+07
6.14420000e+06
6.18030000e+06
6.30890000e+06
1.10436000e+07
6.79980000e+06
7.41110000e+06
1.63032000e+07
5.50846000e+07
1.52381000e+07
1.50960000e+07
1.58846000e+07
9.66640000e+06
1.12784000e+07
2.07456000e+07
9.47670000e+06
7.35600000e+06
7.66740000e+06
7.33330000e+06
7.19030000e+06
1.05040000e+07
6.44760000e+06
7.81310000e+06
7.37630000e+06
7.30370000e+06
1.47358000e+07
6.90860000e+06
7.26910000e+06
1.07969000e+07
1.02947000e+07
6.04780000e+06
7.63310000e+06
9.13420000e+06
9.04180000e+06
1.01646000e+07
7.08760000e+06
1.03890000e+07
7.04470000e+06
7.88690000e+06
1.41449000e+07
7.39360000e+06
1.03437000e+07
1.01223000e+07
8.36520000e+06
2.14394000e+07
1.52990000e+07
1.33403000e+07
5.03000000e+06
8.55080000e+06
8.16760000e+06
9.04440000e+06
7.76110000e+06
7.42260000e+06
6.46570000e+06
7.41770000e+06
1.07555000e+07
9.45610000e+06
7.52940000e+06
9.30100000e+06
1.33770000e+07
2.25347000e+07
1.17685000e+07
1.07653000e+07
1.13019000e+07
1.30248000e+07
9.89610000e+06
1.02418000e+07
9.26360000e+06
1.54336000e+07
1.91032000e+07
2.17175000e+07
3.05819000e+07
2.18905000e+07
1.60084000e+07
1.17546000e+07
1.46152000e+07
9.47510000e+06
1.24010000e+07
1.02777000e+07
9.72360000e+06
8.86340000e+06
7.63760000e+06
7.61300000e+06
7.36920000e+06
8.04380000e+06
7.23740000e+06
8.56970000e+06
6.18180000e+06
8.40360000e+06
8.46550000e+06
6.31720000e+06
6.23410000e+06
7.79150000e+06
8.75020000e+06
6.85830000e+06
1.07790000e+07
7.18170000e+06
7.08420000e+06
9.02860000e+06
8.19310000e+06
1.02898000e+07
1.09124000e+07
1.92515000e+07
7.33870000e+06
7.86030000e+06
8.40820000e+06
1.00616000e+07
1.01554000e+07
7.98230000e+06
1.00992000e+07
6.14420000e+06
6.18030000e+06
6.30890000e+06
1.10436000e+07
1.02091000e+07
8.65450000e+06
6.69800000e+06
8.08910000e+06
6.26200000e+06
6.53580000e+06
9.93630000e+06
9.54250000e+06
8.60970000e+06
8.18990000e+06
5.34430000e+06
5.38850000e+06
5.01530000e+06
6.63810000e+06
8.14640000e+06
6.83440000e+06
7.71820000e+06
8.14770000e+06
7.94490000e+06
6.08800000e+06
6.56170000e+06
1.13251000e+07
7.80510000e+06
7.98210000e+06
9.13790000e+06
9.36620000e+06
1.77013000e+07
4.74361000e+07
3.20480000e+07
1.42366000e+07
1.21668000e+07
9.31930000e+06
1.02610000e+07
1.00980000e+07
1.03978000e+07
6.80810000e+06
8.14240000e+06
5.09520000e+06
8.39050000e+06
9.19400000e+06
7.99620000e+06
9.82360000e+06
6.67790000e+06
8.66610000e+06
7.52640000e+06
6.42680000e+06
5.28510000e+06
6.86450000e+06
1.05285000e+07
1.22386000e+07
1.22928000e+07
9.46850000e+06
1.79553000e+07
6.03720000e+06
2.47500000e+06
4.78140000e+06
4.52380000e+06
5.71630000e+06
4.75750000e+06
5.68810000e+06
5.39310000e+06
6.27440000e+06
7.87880000e+06
7.80530000e+06
8.83550000e+06
6.69020000e+06
5.50160000e+06
6.29690000e+06
7.87280000e+06
7.14430000e+06
8.64370000e+06
8.78170000e+06
7.60830000e+06
8.30450000e+06
1.01769000e+07
6.51680000e+06
7.60710000e+06
6.23620000e+06
7.79770000e+06
8.87070000e+06
1.35211000e+07
2.33100000e+07
1.24708000e+07
8.66930000e+06
8.23950000e+06
7.45670000e+06
6.52120000e+06
6.55320000e+06
5.96450000e+06
8.36290000e+06
8.45210000e+06
5.97010000e+06
9.08210000e+06
7.09330000e+06
7.28900000e+06
7.83160000e+06
7.85470000e+06
1.46094000e+07
7.88470000e+06
1.26580000e+07
9.95610000e+06
1.16188000e+07
1.27159000e+07
1.09471000e+07
1.69060000e+07
1.18918000e+07
1.10595000e+07
1.01998000e+07
8.33210000e+06
6.72700000e+06
8.61460000e+06
7.83650000e+06
1.50899000e+07
8.22440000e+06
7.36520000e+06
6.31400000e+06
6.59880000e+06
7.67970000e+06
1.05540000e+07
8.76270000e+06
7.95990000e+06
1.93534000e+07
2.25809000e+07
2.04560000e+07
1.48456000e+07
2.49709000e+07
1.63770000e+07
1.02044000e+07
1.08413000e+07
7.84050000e+06
1.01443000e+07
1.47281000e+07
1.41668000e+07
9.57850000e+06
1.20891000e+07
1.03100000e+07
7.74960000e+06
8.49180000e+06
6.35990000e+06
6.79980000e+06
7.41110000e+06
1.63032000e+07
5.50846000e+07
1.52381000e+07
1.50960000e+07
1.58846000e+07
9.66640000e+06
1.12784000e+07
2.07456000e+07
9.47670000e+06
7.35600000e+06
7.66740000e+06
7.33330000e+06
7.19030000e+06
1.05040000e+07
6.44760000e+06
7.81310000e+06
7.37630000e+06
7.30370000e+06
1.47358000e+07
6.90860000e+06
7.26910000e+06
1.07969000e+07
1.02947000e+07
6.04780000e+06
7.63310000e+06
9.13420000e+06
9.04180000e+06
1.01646000e+07
7.08760000e+06
1.03890000e+07
7.04470000e+06
7.88690000e+06
1.41449000e+07
7.39360000e+06
7.45670000e+06
6.52120000e+06
6.55320000e+06
5.96450000e+06
8.36290000e+06
8.45210000e+06
5.97010000e+06
9.08210000e+06
7.09330000e+06
7.28900000e+06
7.83160000e+06
7.85470000e+06
1.46094000e+07
7.88470000e+06
1.26580000e+07
9.95610000e+06
1.16188000e+07
7.66740000e+06
7.33330000e+06
7.19030000e+06
1.05040000e+07
6.44760000e+06
7.81310000e+06
7.37630000e+06
7.30370000e+06
1.47358000e+07
6.90860000e+06
7.26910000e+06
1.07969000e+07
1.02947000e+07
6.04780000e+06
7.63310000e+06
9.13420000e+06
9.04180000e+06
1.01646000e+07
7.08760000e+06
5.97010000e+06
9.08210000e+06
7.09330000e+06
7.28900000e+06
7.83160000e+06
7.85470000e+06
1.46094000e+07
7.88470000e+06
1.26580000e+07
9.95610000e+06
1.16188000e+07
7.66740000e+06
7.33330000e+06
7.19030000e+06
1.05040000e+07
6.44760000e+06
7.81310000e+06
7.37630000e+06
7.30370000e+06
6.79980000e+06
7.41110000e+06
1.63032000e+07
5.50846000e+07
1.52381000e+07
1.50960000e+07
1.58846000e+07
9.66640000e+06
1.12784000e+07
2.07456000e+07
9.47670000e+06
7.35600000e+06
7.66740000e+06
7.33330000e+06
7.19030000e+06
1.05040000e+07
6.44760000e+06
7.81310000e+06
7.37630000e+06
7.30370000e+06
1.47358000e+07
6.90860000e+06
7.26910000e+06
1.07969000e+07
1.02947000e+07
6.04780000e+06
7.63310000e+06
9.13420000e+06
9.04180000e+06
1.01646000e+07
7.08760000e+06
1.03890000e+07
7.04470000e+06
7.88690000e+06
1.41449000e+07
7.39360000e+06
1.03437000e+07
1.01223000e+07
6.55320000e+06
5.96450000e+06
8.36290000e+06
8.45210000e+06
5.97010000e+06
9.08210000e+06
7.09330000e+06
7.28900000e+06
7.83160000e+06
7.85470000e+06
1.46094000e+07
7.88470000e+06
1.26580000e+07
9.95610000e+06
1.16188000e+07
7.66740000e+06
7.33330000e+06
7.19030000e+06
1.05040000e+07
6.44760000e+06
7.81310000e+06
7.37630000e+06
7.30370000e+06
1.47358000e+07
6.90860000e+06
7.26910000e+06
1.07969000e+07
1.02947000e+07
6.04780000e+06
7.63310000e+06
9.13420000e+06
9.04180000e+06
1.01646000e+07
7.08760000e+06
5.97010000e+06
9.08210000e+06
7.09330000e+06
7.28900000e+06
7.83160000e+06
7.85470000e+06
1.46094000e+07
7.88470000e+06
1.26580000e+07
9.95610000e+06
1.16188000e+07
7.66740000e+06
7.33330000e+06
7.19030000e+06
1.05040000e+07
6.44760000e+06
7.81310000e+06
7.37630000e+06
7.30370000e+06
6.79980000e+06
7.41110000e+06
1.63032000e+07
5.50846000e+07
1.52381000e+07
1.50960000e+07
1.58846000e+07
9.66640000e+06
1.12784000e+07
2.07456000e+07
9.47670000e+06
7.35600000e+06
7.66740000e+06
7.33330000e+06
7.19030000e+06
1.05040000e+07
6.44760000e+06
7.81310000e+06
7.37630000e+06
7.30370000e+06
1.47358000e+07
6.90860000e+06
7.26910000e+06
1.07969000e+07
1.02947000e+07
6.04780000e+06
7.63310000e+06
9.13420000e+06
9.04180000e+06
1.01646000e+07
7.08760000e+06
1.03890000e+07
7.04470000e+06
7.88690000e+06
1.41449000e+07
7.39360000e+06
1.03437000e+07
1.01223000e+07
6.79980000e+06
7.41110000e+06
1.63032000e+07
5.50846000e+07
1.52381000e+07
1.50960000e+07
1.58846000e+07
9.66640000e+06
1.12784000e+07
2.07456000e+07
9.47670000e+06
7.35600000e+06
7.66740000e+06
7.33330000e+06
7.19030000e+06
1.05040000e+07
6.44760000e+06
7.81310000e+06
7.37630000e+06
7.30370000e+06
1.47358000e+07
6.90860000e+06
7.26910000e+06
1.07969000e+07
1.02947000e+07
6.04780000e+06
7.63310000e+06
9.13420000e+06
9.04180000e+06
1.01646000e+07
7.08760000e+06
1.03890000e+07
7.04470000e+06
7.88690000e+06
1.41449000e+07
7.39360000e+06
1.03437000e+07
1.01223000e+07
8.36520000e+06
2.14394000e+07
1.52990000e+07
1.33403000e+07
5.03000000e+06
8.55080000e+06
8.16760000e+06
9.04440000e+06
7.76110000e+06
7.42260000e+06
6.46570000e+06
7.41770000e+06
1.07555000e+07
9.45610000e+06
7.52940000e+06
9.30100000e+06
1.33770000e+07
2.25347000e+07
1.17685000e+07
1.07653000e+07
1.13019000e+07
1.30248000e+07
9.89610000e+06
1.02418000e+07
9.26360000e+06
1.54336000e+07
1.91032000e+07
2.17175000e+07
3.05819000e+07
2.18905000e+07
1.60084000e+07
1.17546000e+07
1.46152000e+07
9.47510000e+06
1.24010000e+07
1.02777000e+07
9.72360000e+06
8.86340000e+06
7.63760000e+06
7.61300000e+06
7.36920000e+06
8.04380000e+06
7.23740000e+06
8.56970000e+06
6.18180000e+06
8.40360000e+06
8.46550000e+06
6.31720000e+06
6.23410000e+06
7.79150000e+06
8.75020000e+06
6.85830000e+06
1.07790000e+07
7.18170000e+06
7.08420000e+06
9.02860000e+06
8.19310000e+06
1.02898000e+07
1.09124000e+07
1.92515000e+07
7.33870000e+06
7.86030000e+06
8.40820000e+06
1.00616000e+07
1.01554000e+07
7.98230000e+06
1.00992000e+07
6.14420000e+06
6.18030000e+06
6.30890000e+06
1.10436000e+07
1.02091000e+07
8.65450000e+06
6.69800000e+06
8.08910000e+06
6.26200000e+06
6.53580000e+06
9.93630000e+06
9.54250000e+06
8.60970000e+06
8.18990000e+06
5.34430000e+06
5.38850000e+06
5.01530000e+06
6.63810000e+06
8.14640000e+06
6.83440000e+06
7.71820000e+06
8.14770000e+06
7.94490000e+06
6.08800000e+06
6.56170000e+06
1.13251000e+07
7.80510000e+06
7.98210000e+06
9.13790000e+06
9.36620000e+06
1.77013000e+07
4.74361000e+07
3.20480000e+07
1.42366000e+07
1.21668000e+07
9.31930000e+06
1.02610000e+07
1.00980000e+07
1.03978000e+07
6.80810000e+06
8.14240000e+06
5.09520000e+06
8.39050000e+06
9.19400000e+06
7.99620000e+06
9.82360000e+06
6.67790000e+06
8.66610000e+06
7.52640000e+06
6.42680000e+06
5.28510000e+06
6.86450000e+06
1.05285000e+07
1.22386000e+07
1.22928000e+07
9.46850000e+06
1.79553000e+07
6.03720000e+06
2.47500000e+06
4.78140000e+06
4.52380000e+06
5.71630000e+06
4.75750000e+06
5.68810000e+06
5.39310000e+06
6.27440000e+06
7.87880000e+06
7.80530000e+06
8.83550000e+06
6.69020000e+06
5.50160000e+06
6.29690000e+06
7.87280000e+06
7.14430000e+06
8.64370000e+06
8.78170000e+06
7.60830000e+06
8.30450000e+06
1.01769000e+07
6.51680000e+06
7.60710000e+06
6.23620000e+06
7.79770000e+06
8.87070000e+06
1.35211000e+07
2.33100000e+07
1.24708000e+07
8.66930000e+06
8.23950000e+06
7.45670000e+06
6.52120000e+06
6.55320000e+06
5.96450000e+06
8.36290000e+06
8.45210000e+06
5.97010000e+06
9.08210000e+06
7.09330000e+06
7.28900000e+06
7.83160000e+06
7.85470000e+06
1.46094000e+07
7.88470000e+06
1.26580000e+07
9.95610000e+06
1.16188000e+07
1.27159000e+07
1.09471000e+07
1.69060000e+07
1.18918000e+07
1.10595000e+07
1.01998000e+07
8.33210000e+06
6.72700000e+06
8.61460000e+06
7.83650000e+06
1.50899000e+07
8.22440000e+06
7.36520000e+06
6.31400000e+06
6.59880000e+06
7.67970000e+06
1.05540000e+07
8.76270000e+06
7.95990000e+06
1.93534000e+07
2.25809000e+07
2.04560000e+07
1.48456000e+07
2.49709000e+07
1.63770000e+07
1.02044000e+07
1.08413000e+07
7.84050000e+06
1.01443000e+07
1.47281000e+07
1.41668000e+07
9.57850000e+06
1.20891000e+07
1.03100000e+07
7.74960000e+06
8.49180000e+06
6.35990000e+06
6.79980000e+06
7.41110000e+06
1.63032000e+07
5.50846000e+07
1.52381000e+07
1.07790000e+07
7.18170000e+06
7.08420000e+06
9.02860000e+06
8.19310000e+06
1.02898000e+07
1.09124000e+07
1.92515000e+07
7.33870000e+06
7.86030000e+06
8.40820000e+06
1.00616000e+07
1.01554000e+07
7.98230000e+06
1.00992000e+07
6.14420000e+06
6.18030000e+06
6.30890000e+06
1.10436000e+07
1.02091000e+07
8.65450000e+06
6.69800000e+06
8.08910000e+06
6.26200000e+06
6.53580000e+06
9.93630000e+06
9.54250000e+06
8.60970000e+06
8.18990000e+06
5.34430000e+06
5.38850000e+06
5.01530000e+06
6.63810000e+06
8.14640000e+06
6.83440000e+06
7.71820000e+06
8.14770000e+06
7.94490000e+06
6.08800000e+06
6.56170000e+06
1.13251000e+07
7.80510000e+06
7.98210000e+06
9.13790000e+06
9.36620000e+06
1.77013000e+07
4.74361000e+07
3.20480000e+07
1.42366000e+07
1.21668000e+07
9.31930000e+06
1.02610000e+07
1.00980000e+07
1.03978000e+07
6.80810000e+06
8.14240000e+06
5.09520000e+06
8.39050000e+06
9.19400000e+06
7.99620000e+06
9.82360000e+06
6.67790000e+06
8.66610000e+06
7.52640000e+06
6.42680000e+06
5.28510000e+06
6.86450000e+06
1.05285000e+07
1.22386000e+07
1.22928000e+07
9.46850000e+06
1.79553000e+07
6.03720000e+06
1.33770000e+07
2.25347000e+07
1.17685000e+07
1.07653000e+07
1.13019000e+07
1.30248000e+07
9.89610000e+06
1.02418000e+07
9.26360000e+06
1.54336000e+07
1.91032000e+07
2.17175000e+07
3.05819000e+07
2.18905000e+07
1.60084000e+07
1.17546000e+07
1.46152000e+07
7.94490000e+06
6.08800000e+06
6.56170000e+06
1.13251000e+07
7.80510000e+06
7.98210000e+06
9.13790000e+06
9.36620000e+06
1.77013000e+07
4.74361000e+07
3.20480000e+07
1.42366000e+07
1.21668000e+07
9.31930000e+06
1.02610000e+07
1.00980000e+07
1.03978000e+07
6.80810000e+06
8.14240000e+06
5.09520000e+06
8.39050000e+06
9.19400000e+06
7.99620000e+06
9.82360000e+06
6.67790000e+06
8.66610000e+06
7.52640000e+06
6.42680000e+06
5.28510000e+06
6.86450000e+06
1.05285000e+07
1.22386000e+07
1.22928000e+07
9.46850000e+06
1.79553000e+07
6.03720000e+06
1.33770000e+07
2.25347000e+07
1.17685000e+07
1.07653000e+07
1.13019000e+07
1.30248000e+07
9.89610000e+06
1.02418000e+07
9.26360000e+06
1.54336000e+07
1.91032000e+07
2.17175000e+07
3.05819000e+07
2.18905000e+07
1.60084000e+07
1.17546000e+07
1.46152000e+07
9.47510000e+06
1.24010000e+07
1.02777000e+07
9.72360000e+06
8.86340000e+06
7.63760000e+06
7.61300000e+06
7.36920000e+06
8.04380000e+06
7.23740000e+06
8.56970000e+06
6.18180000e+06
8.40360000e+06
8.46550000e+06
6.31720000e+06
6.23410000e+06
7.79150000e+06
8.75020000e+06
6.85830000e+06
1.07790000e+07
7.18170000e+06
7.08420000e+06
9.02860000e+06
8.19310000e+06
1.02898000e+07
1.09124000e+07
1.92515000e+07
7.33870000e+06
7.86030000e+06
8.40820000e+06
1.00616000e+07
1.01554000e+07
7.98230000e+06
1.00992000e+07
6.14420000e+06
6.18030000e+06
6.30890000e+06
1.10436000e+07
6.79980000e+06
7.41110000e+06
1.63032000e+07
5.50846000e+07
1.52381000e+07
1.50960000e+07
1.58846000e+07
9.66640000e+06
1.12784000e+07
2.07456000e+07
9.47670000e+06
7.35600000e+06
7.66740000e+06
7.33330000e+06
7.19030000e+06
1.05040000e+07
6.44760000e+06
7.81310000e+06
7.37630000e+06
7.30370000e+06
1.47358000e+07
6.90860000e+06
7.26910000e+06
1.07969000e+07
1.02947000e+07
6.04780000e+06
7.63310000e+06
9.13420000e+06
9.04180000e+06
1.01646000e+07
7.08760000e+06
1.03890000e+07
7.04470000e+06
7.88690000e+06
1.41449000e+07
7.39360000e+06
1.03437000e+07
1.01223000e+07
8.36520000e+06
2.14394000e+07
1.52990000e+07
1.33403000e+07
5.03000000e+06
8.55080000e+06
8.16760000e+06
9.04440000e+06
7.76110000e+06
7.42260000e+06
6.46570000e+06
7.41770000e+06
1.07555000e+07
9.45610000e+06
7.52940000e+06
9.30100000e+06
1.33770000e+07
2.25347000e+07
1.17685000e+07
1.07653000e+07
1.13019000e+07
1.30248000e+07
9.89610000e+06
1.02418000e+07
9.26360000e+06
1.54336000e+07
1.91032000e+07
2.17175000e+07
3.05819000e+07
2.18905000e+07
1.60084000e+07
1.17546000e+07
1.46152000e+07
9.47510000e+06
1.24010000e+07
1.02777000e+07
9.72360000e+06
8.86340000e+06
7.63760000e+06
7.61300000e+06
7.36920000e+06
8.04380000e+06
7.23740000e+06
8.56970000e+06
6.18180000e+06
8.40360000e+06
8.46550000e+06
6.31720000e+06
6.23410000e+06
7.79150000e+06
8.75020000e+06
6.85830000e+06
1.07790000e+07
7.18170000e+06
7.08420000e+06
9.02860000e+06
8.19310000e+06
1.02898000e+07
1.09124000e+07
1.92515000e+07
7.33870000e+06
7.86030000e+06
8.40820000e+06
1.00616000e+07
1.01554000e+07
7.98230000e+06
1.00992000e+07
6.14420000e+06
6.18030000e+06
6.30890000e+06
1.10436000e+07
1.02091000e+07
8.65450000e+06
6.69800000e+06
8.08910000e+06
6.26200000e+06
6.53580000e+06
9.93630000e+06
9.54250000e+06
8.60970000e+06
8.18990000e+06
5.34430000e+06
5.38850000e+06
5.01530000e+06
6.63810000e+06
8.14640000e+06
6.83440000e+06
7.71820000e+06
8.14770000e+06
7.94490000e+06
6.08800000e+06
6.56170000e+06
1.13251000e+07
7.80510000e+06
7.98210000e+06
9.13790000e+06
9.36620000e+06
1.77013000e+07
4.74361000e+07
3.20480000e+07
1.42366000e+07
1.21668000e+07
9.31930000e+06
1.02610000e+07
1.00980000e+07
1.03978000e+07
6.80810000e+06
8.14240000e+06
5.09520000e+06
8.39050000e+06
9.19400000e+06
7.99620000e+06
9.82360000e+06
6.67790000e+06
8.66610000e+06
7.52640000e+06
6.42680000e+06
5.28510000e+06
6.86450000e+06
1.05285000e+07
1.22386000e+07
1.22928000e+07
9.46850000e+06
1.79553000e+07
6.03720000e+06
2.47500000e+06
4.78140000e+06
4.52380000e+06
5.71630000e+06
4.75750000e+06
5.68810000e+06
5.39310000e+06
6.27440000e+06
7.87880000e+06
7.80530000e+06
8.83550000e+06
6.69020000e+06
5.50160000e+06
6.29690000e+06
7.87280000e+06
7.14430000e+06
8.64370000e+06
8.78170000e+06
7.60830000e+06
8.30450000e+06
1.01769000e+07
6.51680000e+06
7.60710000e+06
6.23620000e+06
7.79770000e+06
8.87070000e+06
1.35211000e+07
2.33100000e+07
1.24708000e+07
8.66930000e+06
8.23950000e+06
7.45670000e+06
6.52120000e+06
6.55320000e+06
5.96450000e+06
8.36290000e+06
8.45210000e+06
5.97010000e+06
9.08210000e+06
7.09330000e+06
7.28900000e+06
7.83160000e+06
7.85470000e+06
1.46094000e+07
7.88470000e+06
1.26580000e+07
9.95610000e+06
1.16188000e+07
1.27159000e+07
1.09471000e+07
1.69060000e+07
1.18918000e+07
1.10595000e+07
1.01998000e+07
8.33210000e+06
6.72700000e+06
8.61460000e+06
7.83650000e+06
1.50899000e+07
8.22440000e+06
7.36520000e+06
6.31400000e+06
6.59880000e+06
7.67970000e+06
1.05540000e+07
8.76270000e+06
7.95990000e+06
1.93534000e+07
2.25809000e+07
2.04560000e+07
1.48456000e+07
2.49709000e+07
1.63770000e+07
1.02044000e+07
1.08413000e+07
7.84050000e+06
1.01443000e+07
1.47281000e+07
1.41668000e+07
9.57850000e+06
1.20891000e+07
1.03100000e+07
7.74960000e+06
8.49180000e+06
6.35990000e+06
6.79980000e+06
7.41110000e+06
1.63032000e+07
5.50846000e+07
1.52381000e+07
1.50960000e+07
1.58846000e+07
9.66640000e+06
1.12784000e+07
2.07456000e+07
9.47670000e+06
7.35600000e+06
7.66740000e+06
7.33330000e+06
7.19030000e+06
1.05040000e+07
6.44760000e+06
7.81310000e+06
7.37630000e+06
7.30370000e+06
1.47358000e+07
6.90860000e+06
7.26910000e+06
1.07969000e+07
1.02947000e+07
6.04780000e+06
7.63310000e+06
9.13420000e+06
9.04180000e+06
1.01646000e+07
7.08760000e+06
1.03890000e+07
7.04470000e+06
7.88690000e+06
1.41449000e+07
7.39360000e+06
7.45670000e+06
6.52120000e+06
6.55320000e+06
5.96450000e+06
8.36290000e+06
8.45210000e+06
5.97010000e+06
9.08210000e+06
7.09330000e+06
7.28900000e+06
7.83160000e+06
7.85470000e+06
1.46094000e+07
7.88470000e+06
1.26580000e+07
9.95610000e+06
1.16188000e+07
7.66740000e+06
7.33330000e+06
7.19030000e+06
1.05040000e+07
6.44760000e+06
7.81310000e+06
7.37630000e+06
7.30370000e+06
1.47358000e+07
6.90860000e+06
7.26910000e+06
1.07969000e+07
1.02947000e+07
6.04780000e+06
7.63310000e+06
9.13420000e+06
9.04180000e+06
1.01646000e+07
7.08760000e+06
5.97010000e+06
9.08210000e+06
7.09330000e+06
7.28900000e+06
7.83160000e+06
7.85470000e+06
1.46094000e+07
7.88470000e+06
1.26580000e+07
9.95610000e+06
1.16188000e+07
7.66740000e+06
7.33330000e+06
7.19030000e+06
1.05040000e+07
6.44760000e+06
7.81310000e+06
7.37630000e+06
7.30370000e+06
6.79980000e+06
7.41110000e+06
1.63032000e+07
1.05040000e+07
6.44760000e+06
7.81310000e+06
7.37630000e+06
7.30370000e+06
1.47358000e+07
6.90860000e+06
7.26910000e+06
1.07969000e+07
1.02947000e+07
6.04780000e+06
7.63310000e+06
9.13420000e+06
9.04180000e+06
1.01646000e+07
7.08760000e+06
5.97010000e+06
9.08210000e+06
7.09330000e+06
7.28900000e+06
7.83160000e+06
7.85470000e+06
1.46094000e+07
7.88470000e+06
1.26580000e+07
9.95610000e+06
1.16188000e+07
7.66740000e+06
7.33330000e+06
7.19030000e+06
1.05040000e+07
6.44760000e+06
7.81310000e+06
7.37630000e+06
7.30370000e+06
6.79980000e+06
7.41110000e+06
1.63032000e+07
5.50846000e+07
1.52381000e+07
1.50960000e+07
1.58846000e+07
9.66640000e+06
1.12784000e+07
2.07456000e+07
9.47670000e+06
7.35600000e+06
7.66740000e+06
7.33330000e+06
7.19030000e+06
1.05040000e+07
6.44760000e+06
7.81310000e+06
7.37630000e+06
7.30370000e+06
1.47358000e+07
6.90860000e+06
7.26910000e+06
1.07969000e+07
1.02947000e+07
6.04780000e+06
7.63310000e+06
9.13420000e+06
9.04180000e+06
1.01646000e+07
7.08760000e+06
1.03890000e+07
7.04470000e+06
7.88690000e+06
1.41449000e+07
7.39360000e+06
1.03437000e+07
1.01223000e+07
6.79980000e+06
7.41110000e+06
1.63032000e+07
5.50846000e+07
1.52381000e+07
1.50960000e+07
1.58846000e+07
9.66640000e+06
1.12784000e+07
2.07456000e+07
9.47670000e+06
7.35600000e+06
7.66740000e+06
7.33330000e+06
7.19030000e+06
1.05040000e+07
6.44760000e+06
7.81310000e+06
7.37630000e+06
7.30370000e+06
1.47358000e+07
6.90860000e+06
7.26910000e+06
1.07969000e+07
1.02947000e+07
6.04780000e+06
7.63310000e+06
9.13420000e+06
9.04180000e+06
1.01646000e+07
7.08760000e+06
1.03890000e+07
7.04470000e+06
7.88690000e+06
1.41449000e+07
7.39360000e+06
1.03437000e+07
1.01223000e+07
8.36520000e+06
2.14394000e+07
1.52990000e+07
1.33403000e+07
5.03000000e+06
8.55080000e+06
8.16760000e+06
9.04440000e+06
7.76110000e+06
7.42260000e+06
6.46570000e+06
7.41770000e+06
1.07555000e+07
9.45610000e+06
7.52940000e+06
9.30100000e+06
1.33770000e+07
2.25347000e+07
1.17685000e+07
1.07653000e+07
1.13019000e+07
1.30248000e+07
9.89610000e+06
1.02418000e+07
9.26360000e+06
1.54336000e+07
1.91032000e+07
2.17175000e+07
3.05819000e+07
2.18905000e+07
1.60084000e+07
1.17546000e+07
1.46152000e+07
9.47510000e+06
1.24010000e+07
1.02777000e+07
9.72360000e+06
8.86340000e+06
7.63760000e+06
7.61300000e+06
7.36920000e+06
8.04380000e+06
7.23740000e+06
8.56970000e+06
6.18180000e+06
8.40360000e+06
8.46550000e+06
6.31720000e+06
6.23410000e+06
7.79150000e+06
8.75020000e+06
6.85830000e+06
1.07790000e+07
7.18170000e+06
7.08420000e+06
9.02860000e+06
8.19310000e+06
1.02898000e+07
1.09124000e+07
1.92515000e+07
7.33870000e+06
7.86030000e+06
8.40820000e+06
1.00616000e+07
1.01554000e+07
7.98230000e+06
1.00992000e+07
6.14420000e+06
6.18030000e+06
6.30890000e+06
1.10436000e+07
1.02091000e+07
8.65450000e+06
6.69800000e+06
8.08910000e+06
6.26200000e+06
6.53580000e+06
9.93630000e+06
9.54250000e+06
8.60970000e+06
8.18990000e+06
5.34430000e+06
5.38850000e+06
5.01530000e+06
6.63810000e+06
8.14640000e+06
6.83440000e+06
7.71820000e+06
8.14770000e+06
7.94490000e+06
6.08800000e+06
6.56170000e+06
1.13251000e+07
7.80510000e+06
7.98210000e+06
9.13790000e+06
9.36620000e+06
1.77013000e+07
4.74361000e+07
3.20480000e+07
1.42366000e+07
1.21668000e+07
9.31930000e+06
1.02610000e+07
1.00980000e+07
1.03978000e+07
6.80810000e+06
8.14240000e+06
5.09520000e+06
8.39050000e+06
9.19400000e+06
7.99620000e+06
9.82360000e+06
6.67790000e+06
8.66610000e+06
7.52640000e+06
6.42680000e+06
5.28510000e+06
6.86450000e+06
1.05285000e+07
1.22386000e+07
1.22928000e+07
9.46850000e+06
1.79553000e+07
6.03720000e+06
2.47500000e+06
4.78140000e+06
4.52380000e+06
5.71630000e+06
4.75750000e+06
5.68810000e+06
5.39310000e+06
6.27440000e+06
7.87880000e+06
7.80530000e+06
8.83550000e+06
6.69020000e+06
5.50160000e+06
6.29690000e+06
7.87280000e+06
7.14430000e+06
8.64370000e+06
8.78170000e+06
7.60830000e+06
8.30450000e+06
1.01769000e+07
6.51680000e+06
7.60710000e+06
6.23620000e+06
7.79770000e+06
8.87070000e+06
1.35211000e+07
2.33100000e+07
1.24708000e+07
8.66930000e+06
8.23950000e+06
7.45670000e+06
6.52120000e+06
6.55320000e+06
5.96450000e+06
8.36290000e+06
8.45210000e+06
5.97010000e+06
9.08210000e+06
7.09330000e+06
7.28900000e+06
7.83160000e+06
7.85470000e+06
1.46094000e+07
7.88470000e+06
1.26580000e+07
9.95610000e+06
1.16188000e+07
1.27159000e+07
1.09471000e+07
1.69060000e+07
1.18918000e+07
1.10595000e+07
1.01998000e+07
8.33210000e+06
6.72700000e+06
8.61460000e+06
7.83650000e+06
1.50899000e+07
8.22440000e+06
7.36520000e+06
6.31400000e+06
6.59880000e+06
7.67970000e+06
1.05540000e+07
8.76270000e+06
7.95990000e+06
1.93534000e+07
2.25809000e+07
2.04560000e+07
1.48456000e+07
2.49709000e+07
1.63770000e+07
1.02044000e+07
1.08413000e+07
7.84050000e+06
1.01443000e+07
1.47281000e+07
1.41668000e+07
9.57850000e+06
1.20891000e+07
1.03100000e+07
7.74960000e+06
8.49180000e+06
6.35990000e+06
6.79980000e+06
7.41110000e+06
1.63032000e+07
5.50846000e+07
1.52381000e+07
1.07790000e+07
7.18170000e+06
7.08420000e+06
9.02860000e+06
8.19310000e+06
1.02898000e+07
1.09124000e+07
1.92515000e+07
7.33870000e+06
7.86030000e+06
8.40820000e+06
1.00616000e+07
1.01554000e+07
7.98230000e+06
1.00992000e+07
6.14420000e+06
6.18030000e+06
6.30890000e+06
1.10436000e+07
1.02091000e+07
8.65450000e+06
6.69800000e+06
8.08910000e+06
6.26200000e+06
6.53580000e+06
9.93630000e+06
9.54250000e+06
8.60970000e+06
8.18990000e+06
5.34430000e+06
5.38850000e+06
5.01530000e+06
6.63810000e+06
8.14640000e+06
6.83440000e+06
7.71820000e+06
8.14770000e+06
7.94490000e+06
6.08800000e+06
6.56170000e+06
1.13251000e+07
7.80510000e+06
7.98210000e+06
9.13790000e+06
9.36620000e+06
1.77013000e+07
4.74361000e+07
3.20480000e+07
1.42366000e+07
1.21668000e+07
9.31930000e+06
1.02610000e+07
1.00980000e+07
1.03978000e+07
6.80810000e+06
8.14240000e+06
5.09520000e+06
8.39050000e+06
9.19400000e+06
7.99620000e+06
9.82360000e+06
6.67790000e+06
8.66610000e+06
7.52640000e+06
6.42680000e+06
5.28510000e+06
6.86450000e+06
1.05285000e+07
1.22386000e+07
1.22928000e+07
9.46850000e+06
1.79553000e+07
6.03720000e+06
1.33770000e+07
2.25347000e+07
1.17685000e+07
1.07653000e+07
1.13019000e+07
1.30248000e+07
9.89610000e+06
1.02418000e+07
9.26360000e+06
1.54336000e+07
1.91032000e+07
2.17175000e+07
3.05819000e+07
2.18905000e+07
1.60084000e+07
1.17546000e+07
1.46152000e+07
7.94490000e+06
6.08800000e+06
6.56170000e+06
1.13251000e+07
7.80510000e+06
7.98210000e+06
9.13790000e+06
9.36620000e+06
1.77013000e+07
4.74361000e+07
3.20480000e+07
1.42366000e+07
1.21668000e+07
9.31930000e+06
1.02610000e+07
1.00980000e+07
1.03978000e+07
6.80810000e+06
8.14240000e+06
5.09520000e+06
8.39050000e+06
9.19400000e+06
7.99620000e+06
9.82360000e+06
6.67790000e+06
8.66610000e+06
7.52640000e+06
6.42680000e+06
5.28510000e+06
6.86450000e+06
1.05285000e+07
1.22386000e+07
1.22928000e+07
9.46850000e+06
1.79553000e+07
6.03720000e+06
1.33770000e+07
2.25347000e+07
1.17685000e+07
1.07653000e+07
1.13019000e+07
1.30248000e+07
9.89610000e+06
1.02418000e+07
9.26360000e+06
1.54336000e+07
1.91032000e+07
2.17175000e+07
3.05819000e+07
2.18905000e+07
1.60084000e+07
1.17546000e+07
1.46152000e+07
1.79553000e+07
6.03720000e+06
1.33770000e+07
2.25347000e+07
1.17685000e+07
1.07653000e+07
1.13019000e+07
1.30248000e+07
9.89610000e+06
1.02418000e+07
9.26360000e+06
1.54336000e+07
1.91032000e+07
2.17175000e+07
3.05819000e+07
2.18905000e+07
1.60084000e+07